# L = 35.0   N = 100   ro* = 0.08163265306122448   T = 0.1   MCS = 50000   delta = 0.1
1.2396057819009665	33.63353163639109
34.96676657587519	0.3089501678849161
34.99987663976295	0.9556865460421229
34.02355507812581	0.41978992291977385
34.22481619462659	1.1730708714890532
34.77436929464309	1.5618724969202553
33.83760778129103	1.7993016317796193
34.991718077487995	2.1401633625640697
33.91209623016394	2.929360022691785
34.99980163107609	2.8215630700021785
34.81685663629144	3.477281847131754
0.29595372132898384	34.984842303137455
0.011219063269778274	0.06962663630053942
0.17627313634784406	0.45543989286629216
0.0017434386144707242	0.8406805205396477
0.00650552798804886	1.2591511988740538
0.22748144140595283	1.530417684217819
0.0005331951674256242	1.8404191433539143
0.00536593064561459	2.22938677743827
0.16535345486993727	2.5795641061343892
0.00016907894786124568	2.9373423749056555
0.013232901756353152	3.4709917300308373
0.7001471546679793	34.66651368076275
0.4442120438764409	0.00012236645655400342
0.5509228052051361	0.39219868603231073
0.4049135335214808	0.7495374765402936
0.35618730166061985	1.117467549204937
0.5674564351262836	1.5243815476881284
0.43200166216180763	1.8783937271043718
0.3540477320785816	2.242884828036401
0.5510805463392927	2.6554001747530065
0.3959090973765458	3.0119054915644625
0.3380681472553358	3.9691781656372678
0.8114237522544543	34.99992352970974
0.8618290717614959	0.14927724286967306
0.9258647626492389	0.4996689991190387
0.7829114648797827	0.8296455710632027
0.7160335293880822	1.1852012163511345
0.9099791702002921	1.5434250880713023
0.8336071424190835	1.9225172593955266
0.7340878998332662	2.2875633627154293
0.9492948440054403	2.661400301169313
0.7459273947709737	3.237783937258403
0.8893434394573763	3.7274964598688745
1.1896155341453492	34.96781038743451
1.2052357236463793	0.0017865345939726798
1.279773424745239	0.3670538825311896
1.2090086361452281	0.7571284950566481
1.0794469569113991	1.1165406750028861
1.246384881061395	1.4918203917794406
1.2273503978436275	1.8826646806572445
1.10505014522012	2.26752392881419
1.3591157292394602	2.6914189243326674
1.1316744119954931	3.056499497007394
1.2928200481450762	3.436578340775229
1.6496079908780747	34.604169701199
1.599205013199926	0.0029358741256915594
1.6183827210022799	0.504700491731457
1.573572533820709	0.8602590684052904
1.4515013367758713	1.1896415154334044
1.6050150376467156	1.5221105291208472
1.6077904581706006	1.9444179955246692
1.4648173828396234	2.3189506770548665
1.7786933000447307	2.7005738431685473
1.6343444462585834	3.059668701984762
1.6058974313647376	3.8384745820075072
1.625246119011882	34.99995550555021
1.9155141682859596	0.23227281530702099
2.1985965665675686	0.5080811530051597
1.9256798592051825	0.7953781622901542
1.8776384263131487	1.1960907999410628
1.9576427165694659	1.5842381290182646
1.9959181837765168	1.9650266550776803
1.8412084168438465	2.324374958732038
2.198031982312763	2.6373620694965934
2.187820615218051	3.106057763031687
1.8715513893390172	3.4640982932601436
2.0702692263182088	34.99879102286524
2.2419310775091654	0.007307804914730778
2.578476289818122	0.24538809398139577
2.531080510357967	0.738146423207545
2.2409221268383357	1.0283104345564646
2.2870766934708615	1.4376821612808506
2.3365289655103902	1.8174846633850845
2.3273617596552847	2.239946721680798
2.5833707338797662	2.84944271564251
2.7575703595258108	3.3068240509653335
2.2854630417083697	3.665840014227995
3.2011699426888076	34.91426797726706
2.61092496557837	34.60510029697119
2.9231167324127325	0.5112565771916008
3.7546193018812133	1.1612500199942914
2.698347142646951	1.1502274261933565
3.027724104413133	1.4394786423335737
2.72892975232276	1.8044797215096833
3.1352852211690285	2.015137531908717
2.72096861010956	2.3831209812443586
3.607366149111668	2.992696460774882
3.0631313733109815	3.9842647556105737
2.5377005497603604	33.944174201256075
