# L = 35  N = 612  MCS =150000  ro* = 0.499592  T* = 0.7
# Seed = 1589573415
# x		  y		  U
# c = 3021.35
34.699788	34.817632	3.205791e+04
34.334440	0.175125	1.176029e+04
34.681076	0.456590	1.563336e+05
34.145923	0.867496	1.450787e+03
34.638934	0.938558	8.877291e+04
34.598183	1.405396	1.493230e+05
34.739306	1.772127	5.277487e+05
34.848623	2.154503	1.093987e+06
33.830244	2.374019	-1.122480e+01
34.861643	2.690804	2.009515e+06
34.646053	2.970622	6.240074e+05
34.830496	3.284719	3.401680e+06
34.578947	3.528737	2.118488e+05
34.879809	3.772998	1.819235e+06
33.418838	4.018961	-5.546945e+00
34.462372	4.489938	8.450212e+04
34.589827	4.932103	7.189849e+04
33.541952	6.051331	-7.561518e+00
34.543573	5.494091	3.481925e+04
34.839655	5.720829	3.366534e+06
34.803580	6.056991	2.470328e+06
34.611328	6.354308	5.414785e+05
34.678187	6.758369	1.827010e+05
34.524616	7.175308	7.814046e+04
34.212830	7.520973	1.980746e+03
34.798847	8.103403	6.367290e+03
34.973359	34.349454	5.431097e+03
0.048325	0.058984	2.412843e+05
0.090531	0.500994	9.583577e+05
0.041825	0.857704	1.843083e+06
0.182903	1.194033	2.569666e+06
34.962875	1.474220	2.013621e+06
0.070413	1.821248	7.128408e+06
0.219591	2.107578	8.288408e+06
0.058737	2.405301	8.433001e+06
0.222066	2.686447	8.419542e+06
0.272829	3.002577	1.023379e+07
0.160458	3.299454	8.147350e+06
0.219933	3.632034	5.271538e+06
0.110166	3.987341	9.625936e+06
0.189154	4.294742	6.608573e+06
34.840934	4.358242	5.622446e+05
34.957017	4.751576	6.458987e+05
0.167108	5.138669	2.781867e+06
34.819630	5.245791	1.598087e+06
0.165705	5.655793	5.066398e+06
0.158077	6.018198	2.899364e+06
34.992450	6.390547	1.930826e+06
0.109282	6.737993	7.322520e+05
0.002233	7.221199	1.151851e+05
34.744651	7.623858	6.641408e+04
34.796801	8.684134	4.037658e+02
0.351413	34.665438	6.340099e+04
0.415107	0.128213	1.817599e+06
0.442814	0.488760	3.417791e+06
0.388997	0.834575	4.625904e+06
0.532598	1.123672	7.004754e+06
0.460974	1.451780	4.728857e+06
0.396024	1.787680	6.081352e+06
0.540232	2.069316	1.357227e+07
0.451254	2.386017	8.705655e+06
0.556299	2.674884	1.244975e+07
0.589615	2.988507	1.766601e+07
0.485158	3.289477	1.108369e+07
0.564391	3.601071	1.011598e+07
0.430437	3.902506	9.421233e+06
0.551149	4.210231	7.852310e+06
0.419021	4.520203	9.893637e+06
0.359673	4.830012	5.756841e+06
0.543846	5.097010	8.202957e+06
0.386943	5.400743	7.335714e+06
0.519169	5.723438	5.488754e+06
0.511597	6.062711	6.239630e+06
0.350677	6.378908	2.289109e+06
0.466106	6.746921	1.900807e+06
0.467606	7.209226	2.731207e+05
0.312771	7.979727	1.930298e+04
0.402847	9.038738	-6.144446e+00
0.888212	34.528948	1.140669e+05
0.694526	34.882916	1.345610e+06
0.769862	0.315144	1.550781e+06
0.745588	0.728521	2.083549e+06
0.862945	1.051995	9.045892e+06
0.833590	1.397369	4.064069e+06
0.713641	1.725516	7.988848e+06
0.859600	2.046439	1.581194e+07
0.783772	2.351614	9.073246e+06
0.867810	2.666168	1.727321e+07
0.900725	2.974826	1.626011e+07
0.789338	3.279871	1.329742e+07
0.887293	3.601919	1.135810e+07
0.772330	3.924297	9.036532e+06
0.906270	4.219029	1.498278e+07
0.757132	4.491135	8.296421e+06
0.715397	4.815403	8.827251e+06
0.888029	5.125693	9.605064e+06
0.709268	5.403272	1.004707e+07
0.871421	5.682705	9.431888e+06
0.847934	6.010592	8.493000e+06
0.726423	6.323956	6.685656e+06
0.795608	6.649198	5.716904e+06
0.789455	7.013228	1.753846e+06
0.615190	7.627252	2.280852e+05
0.969649	8.590554	4.402394e+02
1.068505	34.833900	1.838733e+06
1.109936	0.183424	3.537836e+06
1.185586	0.528611	4.537433e+06
1.096142	0.835562	8.863441e+06
1.149179	1.177527	9.757490e+06
1.183125	1.515269	9.456343e+06
1.041196	1.792766	1.410477e+07
1.189589	2.087571	1.312569e+07
1.111887	2.393945	1.549088e+07
1.172357	2.701600	2.211109e+07
1.206850	3.009592	2.125361e+07
1.115817	3.306368	1.280408e+07
1.207453	3.611797	1.577891e+07
1.084095	3.904123	1.369917e+07
1.217837	4.197728	1.815734e+07
1.079250	4.502116	1.180738e+07
1.051871	4.830290	9.388141e+06
1.213430	5.125671	1.356346e+07
1.077126	5.430251	8.865055e+06
1.189616	5.768691	7.888331e+06
1.168308	6.101208	8.267369e+06
1.063018	6.435013	4.261521e+06
1.101366	6.811883	2.990082e+06
1.064223	7.289860	9.636794e+05
1.002891	7.672402	8.827804e+05
1.077266	8.064571	2.876820e+04
1.445628	34.681766	3.508690e+05
1.457584	0.056343	1.760719e+06
1.513777	0.410263	3.811277e+06
1.439308	0.838491	4.663199e+06
1.460693	1.169675	1.170397e+07
1.497933	1.495934	1.372531e+07
1.365789	1.814529	1.202287e+07
1.529563	2.101714	1.691615e+07
1.407876	2.388274	1.997432e+07
1.477825	2.696306	1.969313e+07
1.509552	2.993313	2.547853e+07
1.434861	3.293847	1.500897e+07
1.517781	3.598023	2.194105e+07
1.412323	3.893160	1.309744e+07
1.514775	4.199184	2.371444e+07
1.402871	4.501251	1.351771e+07
1.379069	4.823789	1.098666e+07
1.523727	5.112088	1.686744e+07
1.412518	5.419357	9.651443e+06
1.515202	5.725354	1.546632e+07
1.492686	6.038527	1.079289e+07
1.393576	6.362901	5.601243e+06
1.420074	6.710222	4.125298e+06
1.384995	7.103615	1.727566e+06
1.388865	7.591483	3.328464e+05
1.615354	8.261109	4.118747e+03
1.863154	34.625102	1.266210e+05
1.812093	0.126883	2.571313e+06
1.827220	0.504512	6.578761e+06
1.759591	0.845404	7.424139e+06
1.782794	1.181905	1.181128e+07
1.812669	1.504299	1.816977e+07
1.681400	1.791361	1.670388e+07
1.829455	2.077386	1.679323e+07
1.724110	2.394629	1.272640e+07
1.790413	2.713141	2.046229e+07
1.810366	3.021833	2.684241e+07
1.735893	3.311324	1.985204e+07
1.812179	3.614118	2.443346e+07
1.725217	3.925423	1.444195e+07
1.808214	4.243522	1.967246e+07
1.719982	4.543662	1.270089e+07
1.726125	4.864847	1.265465e+07
1.827067	5.193852	1.452109e+07
1.766638	5.515350	7.566363e+06
1.811881	5.849899	1.020416e+07
1.782293	6.188159	8.387388e+06
1.730911	6.547775	3.905910e+06
1.710264	6.930445	2.826211e+06
1.673564	7.335540	2.178976e+06
1.830617	7.694226	4.209299e+05
1.661464	8.869214	-8.858841e+00
2.199353	34.288613	3.206798e+04
2.111191	34.937076	1.393152e+06
2.121298	0.365460	5.192278e+06
2.107043	0.730306	7.608959e+06
2.068910	1.031539	1.501465e+07
2.095152	1.385094	1.268092e+07
2.004052	1.766147	1.314624e+07
2.129551	2.057314	1.987281e+07
2.039580	2.362687	1.546489e+07
2.086328	2.676595	2.199548e+07
2.109861	2.980046	2.455420e+07
2.045604	3.287968	1.440445e+07
2.101223	3.599278	2.086918e+07
2.036801	3.905685	2.015057e+07
2.114381	4.200935	1.997721e+07
2.048953	4.498577	1.914568e+07
2.042885	4.800259	1.841734e+07
2.127101	5.081719	2.218555e+07
2.081847	5.392019	1.478309e+07
2.096012	5.709042	1.718625e+07
2.089120	6.018637	1.335805e+07
2.062458	6.343894	8.762986e+06
2.047073	6.701026	4.777451e+06
2.038859	7.050638	4.204479e+06
2.035159	7.406950	3.046047e+06
2.213470	7.891099	3.447586e+05
2.398740	34.658221	2.955416e+05
2.406450	0.180795	4.742162e+06
2.419007	0.531980	7.683762e+06
2.405299	0.859435	1.294498e+07
2.354068	1.159403	1.955698e+07
2.395186	1.462087	1.972684e+07
2.322449	1.767806	1.434273e+07
2.425130	2.074690	2.107086e+07
2.364273	2.370054	1.501728e+07
2.389168	2.690062	2.029399e+07
2.405525	3.008574	2.518138e+07
2.357337	3.314549	1.920151e+07
2.404341	3.618031	2.058899e+07
2.346366	3.933130	1.753128e+07
2.422858	4.241480	2.016300e+07
2.354875	4.541996	9.101421e+06
2.377814	4.870078	1.214444e+07
2.413244	5.204591	1.517639e+07
2.370828	5.524293	1.311495e+07
2.394498	5.847536	1.413394e+07
2.373158	6.170203	1.280579e+07
2.361670	6.490771	7.734379e+06
2.373585	6.849821	5.483316e+06
2.365020	7.191511	3.453948e+06
2.378716	7.537514	1.320563e+06
2.475263	8.215570	3.224829e+04
1.425236	33.652116	-7.720714e+00
2.639562	34.927443	2.942473e+06
2.709871	0.364631	7.232677e+06
2.708772	0.723863	7.695073e+06
2.668881	1.069673	9.528875e+06
2.693512	1.401974	1.634105e+07
2.651927	1.747299	7.653441e+06
2.728248	2.099222	2.044494e+07
2.686342	2.390737	2.233048e+07
2.691386	2.692483	2.931803e+07
2.704374	2.987681	2.955187e+07
2.677465	3.278646	2.040681e+07
2.702141	3.593330	2.148258e+07
2.659038	3.893519	2.117388e+07
2.723545	4.190915	2.573067e+07
2.662697	4.498133	2.053153e+07
2.687521	4.780607	2.956466e+07
2.700383	5.077719	2.368339e+07
2.681830	5.383116	2.028788e+07
2.679514	5.693619	1.733583e+07
2.684512	6.008137	1.289505e+07
2.668620	6.329597	1.237597e+07
2.668086	6.649982	9.463803e+06
2.699664	6.984256	6.636145e+06
2.695894	7.339186	2.627290e+06
2.668845	7.802132	3.920818e+05
2.984623	34.762447	4.561040e+05
2.943562	0.136020	5.846023e+06
3.005662	0.553518	7.357729e+06
2.979382	0.892950	1.093544e+07
2.955184	1.207604	2.050877e+07
2.983991	1.515596	2.341738e+07
2.976222	1.814645	2.674121e+07
3.024388	2.090579	3.000854e+07
2.997106	2.396792	1.995726e+07
2.990447	2.710182	2.530816e+07
3.012498	3.016617	2.432249e+07
2.977036	3.317311	1.914610e+07
3.002083	3.620042	2.372597e+07
2.971229	3.925333	1.954996e+07
3.017317	4.246546	1.839178e+07
2.991852	4.549672	1.675243e+07
2.970219	4.851091	2.593502e+07
3.007350	5.164013	1.347422e+07
2.959343	5.501590	1.602283e+07
2.988452	5.813631	1.586027e+07
3.003561	6.120839	1.121947e+07
2.971451	6.463269	1.011936e+07
2.983807	6.779215	8.130628e+06
2.992046	7.129134	5.228615e+06
2.977222	7.571107	2.281287e+06
3.058488	7.961722	1.346571e+05
3.380471	34.840415	1.077321e+06
3.264571	0.153114	9.455605e+06
3.309127	0.462796	1.273540e+07
3.298781	0.788742	9.603507e+06
3.251252	1.124992	1.285914e+07
3.281942	1.429534	2.121032e+07
3.290197	1.743648	1.650970e+07
3.320970	2.052844	2.358344e+07
3.300770	2.371053	1.995212e+07
3.287738	2.668393	2.662274e+07
3.314443	2.974697	2.343611e+07
3.298664	3.282708	1.656282e+07
3.302050	3.589617	2.560284e+07
3.269862	3.898598	2.489390e+07
3.326152	4.194571	2.405110e+07
3.302040	4.492301	2.410151e+07
3.269876	4.792518	2.233829e+07
3.311809	5.085738	2.083288e+07
3.256943	5.390945	1.607072e+07
3.288786	5.698266	1.708992e+07
3.315027	6.012485	1.513041e+07
3.272441	6.329155	1.364063e+07
3.303117	6.652482	9.377605e+06
3.293088	6.980872	7.636158e+06
3.289242	7.315157	4.849836e+06
3.328753	7.658401	1.404839e+06
3.600381	34.520202	7.605994e+04
3.602482	0.167649	6.785739e+06
3.616020	0.533259	1.198881e+07
3.603926	0.863815	1.528107e+07
3.570213	1.170613	1.546759e+07
3.583889	1.483186	2.341605e+07
3.583984	1.782350	2.151531e+07
3.616008	2.100933	2.747759e+07
3.613150	2.396562	2.135078e+07
3.591756	2.693279	2.874579e+07
3.610278	2.996015	2.540761e+07
3.623482	3.295072	2.320483e+07
3.602312	3.594440	2.645211e+07
3.569370	3.899785	2.602184e+07
3.630367	4.203603	1.813499e+07
3.612782	4.533405	1.305383e+07
3.574066	4.858983	1.484113e+07
3.618728	5.177828	1.566807e+07
3.568845	5.484022	1.531560e+07
3.598340	5.795908	9.548632e+06
3.591366	6.145385	1.494383e+07
3.575771	6.457701	1.117949e+07
3.642440	6.772915	7.694634e+06
3.629689	7.095934	5.919730e+06
3.626056	7.439962	2.487339e+06
3.651412	7.859257	3.658255e+05
3.868487	34.810842	1.844810e+06
3.914578	0.136058	1.076722e+07
3.923618	0.466628	1.017556e+07
3.915091	0.786314	1.403871e+07
3.896787	1.102922	1.226352e+07
3.883238	1.424617	1.672177e+07
3.893304	1.730842	1.881334e+07
3.907893	2.042123	2.209630e+07
3.906247	2.355781	1.892617e+07
3.884219	2.661514	2.754260e+07
3.913339	2.975048	2.125233e+07
3.934670	3.298309	1.579069e+07
3.899359	3.601619	2.308088e+07
3.870598	3.909351	1.962048e+07
3.930936	4.203186	3.020686e+07
3.925696	4.494518	2.470908e+07
3.873648	4.793552	2.205752e+07
3.933621	5.099011	1.518123e+07
3.871916	5.402642	1.684781e+07
3.904926	5.703695	1.789668e+07
3.887983	6.012480	1.541924e+07
3.890502	6.330496	1.218503e+07
3.962742	6.640255	1.056295e+07
3.943337	6.961785	1.092770e+07
3.934362	7.284186	5.415521e+06
3.957776	7.646005	1.375235e+06
4.192919	34.666082	1.016367e+06
4.219164	0.242238	6.003779e+06
4.213718	0.590078	1.430968e+07
4.211990	0.917094	1.547031e+07
4.210101	1.225151	1.579947e+07
4.171102	1.525210	2.462873e+07
4.207957	1.819361	2.674220e+07
4.206219	2.111080	2.843141e+07
4.222811	2.408473	2.745198e+07
4.178448	2.694441	2.723823e+07
4.212438	2.996825	2.651770e+07
4.250791	3.286695	2.237540e+07
4.201540	3.601357	2.741060e+07
4.199012	3.895449	2.283175e+07
4.221050	4.190087	2.629025e+07
4.232852	4.537744	1.449423e+07
4.180724	4.865055	1.365421e+07
4.237604	5.179710	1.338428e+07
4.190763	5.488243	1.133767e+07
4.206021	5.806691	1.422136e+07
4.192445	6.127387	1.020763e+07
4.215763	6.462325	1.573175e+07
4.250767	6.815771	7.432051e+06
4.238389	7.161860	5.631929e+06
4.308958	7.570982	2.575363e+06
4.234956	8.348722	4.944510e+02
4.519720	34.774713	2.109980e+06
4.532022	0.109232	4.426736e+06
4.510171	0.464994	7.690788e+06
4.496035	0.769348	1.343744e+07
4.522993	1.099198	1.091119e+07
4.488969	1.429280	1.085576e+07
4.511619	1.735306	1.345651e+07
4.502884	2.049683	1.754812e+07
4.537908	2.372089	1.438806e+07
4.471998	2.680185	2.637043e+07
4.521261	2.971054	2.524892e+07
4.553662	3.284187	1.952407e+07
4.491166	3.585301	2.831358e+07
4.541864	3.893672	1.577933e+07
4.513534	4.200635	2.610447e+07
4.540522	4.504386	1.515337e+07
4.494907	4.805765	1.715407e+07
4.548365	5.101302	2.161254e+07
4.506489	5.404380	1.467945e+07
4.526710	5.707478	1.583144e+07
4.479578	6.007153	1.620321e+07
4.487138	6.318888	1.647589e+07
4.533847	6.635220	1.046673e+07
4.574641	6.972856	6.348971e+06
4.551694	7.310024	3.512051e+06
4.425503	7.922756	8.291775e+04
4.847169	34.899213	3.721052e+06
4.859109	0.235773	6.858525e+06
4.813753	0.568108	1.015168e+07
4.803981	0.891506	1.238271e+07
4.836126	1.197002	1.665760e+07
4.814930	1.503912	1.802530e+07
4.830978	1.799434	2.019411e+07
4.806304	2.096305	2.539064e+07
4.847862	2.392013	2.063244e+07
4.769919	2.704311	2.146821e+07
4.816959	3.017586	1.543180e+07
4.842313	3.335968	1.679151e+07
4.781711	3.666208	2.387047e+07
4.869142	3.962754	1.940232e+07
4.815559	4.263567	2.150875e+07
4.861198	4.562951	1.736776e+07
4.798824	4.873283	2.026130e+07
4.860342	5.176387	1.595474e+07
4.819453	5.488207	1.555101e+07
4.829941	5.788064	1.228150e+07
4.789889	6.135987	9.486703e+06
4.791587	6.462719	1.091273e+07
4.888649	6.800889	3.388498e+06
4.862803	7.193831	6.537673e+06
4.895219	7.789260	4.985118e+04
1.096150	9.857776	-3.641220e+00
5.118339	34.668389	5.508750e+05
5.174488	0.023231	3.493929e+06
5.182814	0.363368	4.983666e+06
5.104528	0.719467	7.780232e+06
5.133078	1.062755	8.937527e+06
5.140028	1.391285	8.941426e+06
5.133270	1.720401	7.875756e+06
5.106988	2.030945	1.706230e+07
5.157659	2.342469	1.393628e+07
5.067819	2.636681	2.632347e+07
5.120975	2.934770	1.845729e+07
5.162949	3.264008	1.110021e+07
5.057272	3.543857	2.198053e+07
5.163770	3.852873	1.228974e+07
5.120017	4.161790	1.902321e+07
5.184196	4.461595	1.221753e+07
5.095720	4.771155	2.184820e+07
5.181811	5.070854	1.554549e+07
5.119467	5.377012	2.052876e+07
5.153132	5.688520	1.356505e+07
5.091425	5.991688	1.321460e+07
5.098827	6.332826	7.794317e+06
5.216548	6.662166	3.501553e+06
5.160985	7.048113	3.184093e+06
5.082050	7.464657	1.223268e+06
5.371790	7.985667	4.869177e+04
5.499476	34.765258	1.250731e+06
5.515347	0.164297	2.298799e+06
5.488183	0.539218	5.102279e+06
5.395874	0.873525	8.256594e+06
5.521587	1.179663	6.986048e+06
5.462490	1.489068	9.747271e+06
5.470316	1.806619	1.123760e+07
5.396510	2.116920	2.183001e+07
5.482827	2.412494	1.283694e+07
5.365356	2.695742	1.657846e+07
5.423393	3.009939	1.867576e+07
5.522144	3.312411	1.257074e+07
5.372200	3.595249	1.461894e+07
5.515764	3.891537	1.046639e+07
5.415811	4.199461	2.163007e+07
5.526535	4.499655	1.540596e+07
5.395398	4.791148	1.538467e+07
5.502844	5.109043	1.077546e+07
5.407943	5.418729	2.036790e+07
5.476906	5.723641	1.199941e+07
5.401106	6.031239	1.461050e+07
5.432445	6.345156	5.443704e+06
5.548054	6.801147	2.276235e+06
5.474607	7.205693	2.680104e+06
5.470158	7.567395	8.184065e+05
5.745449	8.308395	4.908296e+03
5.730389	34.459790	9.094012e+04
5.863239	34.960884	7.023560e+05
5.806615	0.393560	3.053753e+06
5.728258	0.787646	4.609969e+06
5.860493	1.102957	5.030507e+06
5.823185	1.449219	4.474897e+06
5.803217	1.797012	8.585816e+06
5.708418	2.101366	1.613133e+07
5.807240	2.401272	1.341197e+07
5.688726	2.699673	9.852397e+06
5.726446	3.024029	1.806660e+07
5.856015	3.331587	1.214639e+07
5.700834	3.594904	1.133127e+07
5.842361	3.892420	1.037289e+07
5.717954	4.183517	1.916554e+07
5.830602	4.468536	1.150704e+07
5.716117	4.791013	1.196427e+07
5.827910	5.102874	8.882782e+06
5.721481	5.417305	1.133510e+07
5.801636	5.737727	4.833071e+06
5.704146	6.132066	7.977469e+06
5.774444	6.463619	5.611269e+06
5.926338	6.753921	4.287961e+06
5.800852	7.075659	4.115118e+06
5.856402	7.464735	1.236615e+06
5.763855	7.847664	5.347374e+05
5.534639	33.800453	-1.725868e+00
6.143539	34.651660	1.602638e+05
6.134996	0.264173	1.424057e+06
6.044222	0.666356	2.954595e+06
6.182977	1.003830	3.250168e+06
6.178529	1.350566	2.830425e+06
6.120086	1.698520	4.830388e+06
6.024203	2.026510	1.203389e+07
6.127745	2.381652	8.372549e+06
6.032165	2.692636	7.964676e+06
6.027033	3.031277	9.629335e+06
6.187178	3.334679	7.633761e+06
6.039711	3.622443	1.076028e+07
6.190512	3.910233	6.594380e+06
6.041191	4.199610	1.050778e+07
6.171780	4.496482	7.515314e+06
6.039513	4.792962	9.891048e+06
6.160617	5.111576	6.827016e+06
6.049680	5.415644	1.089281e+07
6.147783	5.727048	9.410179e+06
6.024266	6.042958	8.114102e+06
6.125719	6.383387	3.349551e+06
6.297424	6.703000	2.330400e+06
6.137316	7.038429	2.245000e+06
6.242509	7.437115	2.524926e+05
6.169540	7.879884	1.704667e+05
6.374842	34.211423	6.943915e+02
6.404296	34.987246	6.769449e+05
6.529098	0.356322	7.919506e+05
6.409099	0.728350	1.434594e+06
6.580888	1.094514	8.577968e+05
6.544531	1.466530	1.848095e+06
6.471868	1.799857	4.962624e+06
6.329031	2.114129	1.034429e+07
6.506900	2.387613	7.126314e+06
6.362959	2.692574	8.028614e+06
6.380516	3.014849	7.850208e+06
6.521791	3.305999	3.588009e+06
6.405440	3.631823	5.317409e+06
6.681444	3.835856	1.338695e+06
6.428172	4.162036	3.227107e+06
6.560738	4.488406	3.769446e+06
6.366357	4.764013	9.430393e+06
6.508705	5.050162	6.610529e+06
6.372554	5.366987	7.597142e+06
6.481794	5.671463	3.018628e+06
6.342016	6.004881	3.691755e+06
6.491600	6.343423	1.629936e+06
6.669048	6.677787	7.006017e+05
6.500378	7.094051	8.396767e+05
6.874578	7.504296	1.143042e+04
6.433820	8.276610	2.489068e+03
6.610360	34.634141	9.524659e+04
6.845058	0.036627	2.997039e+05
7.148987	0.462562	2.594277e+05
6.787654	0.681646	8.458442e+05
6.961072	1.021047	9.577302e+05
6.954971	1.415304	7.057103e+05
6.842085	1.756793	2.346879e+06
6.671361	2.106769	5.141981e+06
6.985143	2.451468	1.243708e+06
6.698931	2.683398	4.857852e+06
6.825800	3.139276	1.613228e+06
7.331810	3.300300	7.526605e+04
6.903314	3.514893	4.688491e+05
7.090346	3.944484	2.683739e+05
6.803096	4.205290	1.763706e+06
7.098339	4.442376	3.489316e+04
6.822055	4.723834	1.415202e+06
6.841450	5.083725	8.326224e+05
6.724117	5.407439	3.535737e+06
6.944498	5.686625	4.079019e+05
6.723375	5.980641	1.607721e+06
6.913093	6.304230	2.444801e+05
7.080013	6.722126	6.376643e+04
6.875599	7.083630	3.736865e+05
7.944920	5.658966	-9.142262e+00
3.402988	9.047303	-7.960184e+00
7.103210	34.593359	7.785128e+03
7.270521	0.035894	5.531078e+04
7.581924	0.460358	1.761874e+04
7.376563	0.964965	1.537621e+04
7.949242	1.157393	2.540266e+02
7.428394	1.500606	1.532928e+04
7.675776	1.993797	3.397081e+03
7.015688	2.081891	7.527041e+05
8.066242	2.444346	-9.632912e+00
7.007281	2.828558	7.552166e+05
7.694871	2.971993	1.497735e+03
7.519178	3.752771	1.804470e+03
8.124889	3.505948	-6.033338e+00
7.867353	4.553263	-1.158309e+01
