# L = 35  N = 980  MCS =150000  ro* = 0.8  T* = 0.7
# Seed = 1589573521
# x		  y		  U
# c = 11924.5
34.670046	34.557422	6.534626e+03
34.579487	0.001237	7.639369e+04
34.458466	0.431982	8.499363e+04
34.663718	0.824008	1.720003e+05
34.796562	1.212819	4.815759e+05
34.178081	1.018853	2.826949e+03
34.626868	1.609392	5.945769e+04
33.797388	3.994920	-1.272704e+01
34.823937	2.461822	6.493084e+05
34.370696	2.632630	6.071474e+03
34.795343	2.865823	6.066912e+05
34.695610	3.262731	6.543253e+05
34.765721	3.617463	1.385752e+06
34.897158	3.909263	8.886413e+06
34.899301	4.223042	4.641271e+06
34.770657	4.524112	2.288257e+06
34.822739	4.869692	3.798337e+06
34.536729	5.051724	3.541932e+04
34.743279	5.480183	2.182701e+05
34.463591	5.836287	8.054201e+04
34.828340	5.975271	1.087350e+06
34.032613	6.438536	1.838448e+02
34.715196	6.607332	5.108864e+05
34.411141	6.850676	5.177057e+04
34.891529	7.244288	1.936272e+06
34.503662	7.356581	5.099955e+04
34.601866	7.844303	1.321259e+05
34.260086	8.150293	2.108172e+04
34.658442	8.313143	3.006845e+05
33.382518	7.412498	-7.499422e+00
34.579471	9.303400	1.529684e+03
33.537790	5.175656	-8.033822e+00
0.090987	33.538242	-5.643310e+00
0.032444	34.804572	1.767498e+05
34.925656	0.449446	3.381740e+05
0.075917	0.801988	9.854096e+05
0.167564	1.148695	2.297911e+06
0.082670	1.512134	1.816861e+06
34.919809	1.842844	1.406282e+06
0.064278	2.189575	2.872127e+06
0.304476	2.397937	9.246587e+06
0.109684	2.688833	3.842965e+06
0.228594	3.041912	2.650456e+06
0.039418	3.336744	2.953536e+06
0.151683	3.649340	6.196199e+06
0.218494	3.970158	1.115460e+07
0.239162	4.274452	1.398508e+07
0.097179	4.540670	8.090189e+06
0.251182	4.827142	4.841312e+06
0.042287	5.139258	3.330610e+06
0.215064	5.418483	7.242184e+06
0.044315	5.715383	4.823215e+06
0.231314	5.981679	5.975747e+06
34.970684	6.311790	1.854861e+06
0.161262	6.596311	4.296646e+06
34.962702	6.887015	2.110503e+06
0.211696	7.190703	6.749127e+06
34.919782	7.605644	1.541409e+06
0.168806	7.890919	2.965368e+06
0.009342	8.204769	2.160568e+06
34.964288	8.626983	3.261378e+05
0.023920	9.059942	9.089530e+04
34.928921	9.840408	3.791339e+03
34.678858	10.391503	1.160191e+00
0.579101	34.745904	1.433255e+05
0.341627	0.054022	1.039949e+06
0.302194	0.435726	1.321029e+06
0.445227	0.782681	2.356231e+06
0.520753	1.148457	4.088163e+06
0.434379	1.505450	3.431410e+06
0.290952	1.822361	2.805787e+06
0.480632	2.094205	5.973886e+06
0.607684	2.399799	1.935921e+07
0.440725	2.689937	1.229948e+07
0.555357	2.983973	1.502001e+07
0.550057	3.288296	7.437978e+06
0.494672	3.606209	8.449438e+06
0.541606	3.926166	1.024201e+07
0.563996	4.233831	1.430109e+07
0.461177	4.540254	9.271801e+06
0.576134	4.833363	1.852784e+07
0.431362	5.113448	9.370104e+06
0.573587	5.391613	1.121738e+07
0.424885	5.684665	8.607268e+06
0.565366	5.982989	9.991352e+06
0.343334	6.291822	6.583399e+06
0.504181	6.584408	9.550225e+06
0.388558	6.899332	3.692358e+06
0.535921	7.236911	7.481567e+06
0.301136	7.543877	2.613273e+06
0.517308	7.874681	4.738349e+06
0.371119	8.265301	1.818278e+06
0.364364	8.664901	8.236727e+05
0.526292	9.024214	1.024526e+06
0.355084	9.379396	6.698367e+04
0.704484	10.275441	4.017518e+01
0.832539	34.377296	1.511318e+04
0.859156	0.015346	2.125461e+06
0.686219	0.357152	1.330943e+06
0.791148	0.699242	3.965961e+06
0.848424	1.054279	6.111316e+06
0.776971	1.407476	4.774729e+06
0.661956	1.753540	5.066235e+06
0.814980	2.058735	6.301216e+06
0.907225	2.375257	1.776750e+07
0.789462	2.681768	1.227837e+07
0.879958	2.970833	2.177274e+07
0.862977	3.274093	1.836669e+07
0.819444	3.582496	1.450535e+07
0.847256	3.893542	1.710329e+07
0.876554	4.218112	1.572565e+07
0.770019	4.530557	1.090120e+07
0.886937	4.821235	2.083800e+07
0.788746	5.101400	1.019977e+07
0.887399	5.415371	1.556309e+07
0.748284	5.717674	1.143915e+07
0.894827	6.012249	1.325966e+07
0.718345	6.287816	8.486462e+06
0.823462	6.591670	1.005099e+07
0.753044	6.905840	4.796642e+06
0.864607	7.224323	7.410045e+06
0.676239	7.560049	4.377504e+06
0.855009	7.866884	7.902101e+06
0.714974	8.179023	5.884015e+06
0.705302	8.526450	2.826579e+06
0.838947	8.857348	2.704133e+06
0.756944	9.348072	4.170881e+05
0.606251	9.799351	5.453601e+04
1.108745	34.747382	1.061909e+05
1.137362	0.202536	5.907961e+06
1.115167	0.540274	5.839791e+06
1.139030	0.858852	9.767734e+06
1.160906	1.180653	1.101606e+07
1.109863	1.496991	1.131471e+07
1.006475	1.799413	1.037432e+07
1.147742	2.087030	1.234816e+07
1.215730	2.400457	2.259493e+07
1.109105	2.687545	1.754502e+07
1.190891	2.986781	2.158820e+07
1.175976	3.289948	1.940222e+07
1.156557	3.591905	1.794470e+07
1.156183	3.895716	2.096648e+07
1.186302	4.210774	1.951849e+07
1.091229	4.512530	8.983851e+06
1.197965	4.823673	1.914510e+07
1.118315	5.131279	1.230168e+07
1.198885	5.430814	2.314980e+07
1.080187	5.705328	1.517523e+07
1.213300	6.004264	1.936397e+07
1.094690	6.297859	8.969324e+06
1.144830	6.625004	1.257556e+07
1.112415	6.936209	6.569650e+06
1.191111	7.253562	1.100140e+07
1.032088	7.561732	5.603838e+06
1.186209	7.881544	8.742947e+06
1.048721	8.223708	4.163019e+06
1.079871	8.588339	2.723843e+06
1.099751	9.089390	3.301783e+06
1.196854	9.423048	3.413215e+05
1.091713	9.821067	5.946940e+04
1.504763	34.385920	9.985745e+03
1.436777	0.042914	3.353330e+06
1.454178	0.422728	4.959378e+06
1.471066	0.755504	8.252467e+06
1.474252	1.074827	1.109306e+07
1.420611	1.408236	8.042871e+06
1.359565	1.747456	7.069704e+06
1.456532	2.056433	1.554185e+07
1.515949	2.367483	1.971764e+07
1.409509	2.669954	1.819432e+07
1.498688	2.979393	2.087474e+07
1.474834	3.281834	2.291771e+07
1.472037	3.583875	2.247654e+07
1.457551	3.886512	2.126547e+07
1.491587	4.219443	2.085234e+07
1.404094	4.504998	1.983942e+07
1.495792	4.794885	2.610986e+07
1.430192	5.090012	1.658548e+07
1.501844	5.398447	2.324172e+07
1.405197	5.705316	1.111324e+07
1.509682	6.014051	2.009389e+07
1.412580	6.304281	1.127656e+07
1.460871	6.626550	1.733329e+07
1.456271	6.933715	8.457748e+06
1.509831	7.262509	1.370288e+07
1.363709	7.561071	7.984538e+06
1.506137	7.859800	1.414494e+07
1.375153	8.171556	1.087380e+07
1.430033	8.477772	6.668409e+06
1.365290	8.791568	5.289184e+06
1.447301	9.117728	3.796273e+06
1.599375	9.682276	5.896942e+04
1.635070	34.744208	1.489074e+06
1.743198	0.195410	5.135726e+06
1.775442	0.549909	6.810820e+06
1.760586	0.889282	9.209662e+06
1.765439	1.214554	1.317890e+07
1.713327	1.528659	1.360809e+07
1.723052	1.830013	1.749857e+07
1.763258	2.126419	1.981206e+07
1.818594	2.423678	2.918782e+07
1.722280	2.716021	2.256029e+07
1.803064	3.001187	2.503782e+07
1.778011	3.303542	2.161072e+07
1.785486	3.606650	2.126640e+07
1.751935	3.911388	2.430308e+07
1.787097	4.206630	2.768127e+07
1.734080	4.519369	1.410096e+07
1.804329	4.807314	2.837134e+07
1.749533	5.104071	2.068496e+07
1.795933	5.402860	3.051868e+07
1.748865	5.677182	2.638688e+07
1.801138	5.960883	2.800883e+07
1.782432	6.260472	1.685581e+07
1.755102	6.562432	1.091060e+07
1.793286	6.850044	2.048298e+07
1.808004	7.144486	1.912834e+07
1.760696	7.478081	8.199941e+06
1.805384	7.809037	1.542046e+07
1.717187	8.124830	7.259803e+06
1.762255	8.455240	6.843725e+06
1.715470	8.820782	3.711795e+06
1.775158	9.206465	3.211633e+06
1.630125	10.156716	1.620142e+03
2.003526	34.698763	5.305574e+05
2.059843	0.077027	3.384699e+06
2.096966	0.422201	6.745870e+06
2.072794	0.742177	8.811396e+06
2.054106	1.069961	1.090385e+07
2.043045	1.400385	9.739783e+06
2.052606	1.737396	7.781643e+06
2.074303	2.074289	1.331447e+07
2.108348	2.394185	2.434113e+07
2.026509	2.705079	1.770976e+07
2.112899	3.001933	2.306784e+07
2.083892	3.297151	2.621344e+07
2.089757	3.599867	2.702828e+07
2.062647	3.901730	1.976682e+07
2.086314	4.206714	2.801092e+07
2.050168	4.502990	2.144826e+07
2.105572	4.797161	2.848861e+07
2.052461	5.095528	2.260512e+07
2.105713	5.394902	2.283656e+07
2.081918	5.701093	1.586785e+07
2.100332	6.014857	2.244781e+07
2.070549	6.326548	2.103377e+07
2.060726	6.637393	1.638328e+07
2.094264	6.967229	1.483564e+07
2.066866	7.315935	1.702263e+07
2.061178	7.619673	1.407748e+07
2.099444	7.931420	1.520217e+07
2.054418	8.234648	7.866046e+06
2.046982	8.638028	5.948736e+06
2.027107	8.987179	6.053744e+06
2.074053	9.361589	1.436890e+06
2.148287	9.945641	3.339336e+04
2.354677	34.837847	1.862858e+06
2.401069	0.199699	3.872458e+06
2.414459	0.564196	7.537740e+06
2.374202	0.873266	1.134808e+07
2.366196	1.193520	1.205882e+07
2.355669	1.504348	1.586485e+07
2.372665	1.810596	1.819955e+07
2.371076	2.110291	2.685099e+07
2.400000	2.400000	3.056313e+07
2.335369	2.688797	2.324895e+07
2.411697	2.989462	2.408229e+07
2.392133	3.300345	2.156578e+07
2.391741	3.607952	2.383696e+07
2.383473	3.901188	2.401205e+07
2.384036	4.198515	2.793561e+07
2.376258	4.504029	1.776838e+07
2.397849	4.808683	2.786953e+07
2.356472	5.112139	2.371342e+07
2.412985	5.402143	2.135645e+07
2.378040	5.710987	2.389456e+07
2.402606	6.011800	2.823234e+07
2.364615	6.306861	2.534171e+07
2.360459	6.599111	2.679936e+07
2.409490	6.889296	2.813941e+07
2.335091	7.175920	2.315714e+07
2.354649	7.486605	1.736759e+07
2.386683	7.793018	1.733453e+07
2.365839	8.108600	1.483218e+07
2.331229	8.429643	9.004327e+06
2.374763	8.758818	5.946590e+06
2.335851	9.117856	4.292749e+06
2.360007	9.624304	1.300293e+06
2.573997	34.519512	8.397029e+04
2.702548	0.000157	1.759789e+06
2.714195	0.414994	6.396612e+06
2.704751	0.748186	1.020673e+07
2.670985	1.070715	1.176940e+07
2.671580	1.385801	1.212929e+07
2.671417	1.707240	1.323463e+07
2.686745	2.035801	1.568924e+07
2.709107	2.330735	2.100541e+07
2.635314	2.650182	1.795339e+07
2.699224	2.954823	2.461710e+07
2.697760	3.255110	1.878808e+07
2.703179	3.576114	1.572517e+07
2.687139	3.887453	2.322413e+07
2.672232	4.185967	2.777931e+07
2.707192	4.487311	2.689865e+07
2.694983	4.772759	3.038580e+07
2.655114	5.067448	2.140501e+07
2.719218	5.381727	2.163605e+07
2.661897	5.692298	2.655563e+07
2.694371	5.993749	2.675952e+07
2.679358	6.301974	1.960780e+07
2.670004	6.610886	2.030868e+07
2.712556	6.916542	1.887725e+07
2.660453	7.242917	9.812767e+06
2.674353	7.567760	1.034615e+07
2.675194	7.904422	1.346289e+07
2.659593	8.222752	1.207101e+07
2.656010	8.546644	6.249988e+06
2.666698	8.939996	4.137881e+06
2.628036	9.313948	4.028557e+06
2.732812	9.631812	2.425213e+05
2.921156	34.685380	9.696776e+05
2.987779	0.234214	3.521610e+06
3.028855	0.592096	8.375143e+06
2.971527	0.903459	2.267574e+07
2.980343	1.205738	1.789876e+07
2.962813	1.512176	1.704924e+07
2.982538	1.818217	1.869352e+07
2.978366	2.121806	2.448059e+07
3.001826	2.424232	2.447024e+07
2.934591	2.722359	2.176177e+07
3.005312	3.018490	2.534938e+07
2.994116	3.318426	2.695618e+07
3.019734	3.611467	2.126756e+07
2.987339	3.915827	2.445836e+07
2.984338	4.216733	2.740309e+07
3.000000	4.500000	3.056313e+07
3.002099	4.808465	2.317933e+07
2.958857	5.110831	1.974592e+07
3.013673	5.411667	2.288190e+07
2.954437	5.707392	2.596887e+07
2.999797	6.017769	2.366229e+07
2.993792	6.313440	2.253281e+07
2.977829	6.616576	1.888279e+07
3.016326	6.911693	2.845297e+07
2.995223	7.196076	2.780962e+07
2.986687	7.494148	2.204194e+07
2.983820	7.796090	1.654728e+07
2.971760	8.109598	1.214638e+07
2.977558	8.444410	9.049323e+06
2.961084	8.794644	5.156574e+06
2.965459	9.186690	2.616517e+06
3.074655	9.904189	7.282524e+04
3.306103	34.666390	3.423492e+05
3.295457	0.049897	1.832775e+06
3.294322	0.387078	9.015743e+06
3.272496	0.824532	1.263669e+07
3.294168	1.141417	1.366785e+07
3.276574	1.449335	1.574157e+07
3.299171	1.749857	1.727243e+07
3.286724	2.061022	1.918291e+07
3.297199	2.359693	2.523028e+07
3.248233	2.676979	1.902268e+07
3.307797	2.981062	2.159862e+07
3.290797	3.292282	2.274888e+07
3.329015	3.599494	2.961067e+07
3.291457	3.893458	2.683888e+07
3.283650	4.190182	2.552121e+07
3.302239	4.490912	2.831060e+07
3.308426	4.794051	2.934573e+07
3.257054	5.089149	2.753693e+07
3.312046	5.381022	2.816194e+07
3.263151	5.690081	1.633142e+07
3.304389	6.016475	1.851666e+07
3.282439	6.343128	2.122493e+07
3.285729	6.660799	1.819846e+07
3.307137	6.955315	2.442886e+07
3.284805	7.263876	2.177063e+07
3.297252	7.587358	1.523247e+07
3.300185	7.898802	1.151792e+07
3.276262	8.213388	1.301497e+07
3.283023	8.534133	1.160824e+07
3.298463	8.868234	6.776914e+06
3.322870	9.205135	3.252438e+06
3.188816	9.529842	6.698649e+05
3.694835	34.798189	5.215702e+05
3.607882	0.215360	5.025874e+06
3.552889	0.587462	9.563748e+06
3.567938	0.898472	1.640728e+07
3.602016	1.206275	1.806336e+07
3.594104	1.511008	1.990278e+07
3.602975	1.813066	1.847338e+07
3.595091	2.113781	2.653850e+07
3.592445	2.410289	2.662112e+07
3.550472	2.701395	2.447173e+07
3.609907	3.004037	2.474152e+07
3.592574	3.297592	2.703026e+07
3.614206	3.600617	2.574057e+07
3.602285	3.902226	2.619781e+07
3.600466	4.203648	2.270794e+07
3.602961	4.504035	2.775106e+07
3.600000	4.800000	3.056313e+07
3.575146	5.105250	1.888789e+07
3.610035	5.414346	2.946578e+07
3.574423	5.706904	2.141686e+07
3.607525	6.004202	2.554430e+07
3.580628	6.305430	2.237513e+07
3.583870	6.624089	1.867857e+07
3.608633	6.940662	2.190102e+07
3.586079	7.267977	1.975100e+07
3.607144	7.582116	1.436426e+07
3.618304	7.910536	1.116039e+07
3.591004	8.230942	1.208839e+07
3.606612	8.555743	6.820241e+06
3.615270	9.004868	4.215934e+06
3.695152	9.369255	1.209609e+06
3.610840	9.749574	1.115360e+05
3.963616	34.479585	1.673321e+04
3.932621	0.149983	4.759256e+06
3.880187	0.492218	5.684733e+06
3.872548	0.800108	1.573396e+07
3.910227	1.094510	1.917955e+07
3.904605	1.401498	1.492814e+07
3.899345	1.704810	1.639388e+07
3.887611	2.013005	1.695341e+07
3.891090	2.338935	1.626764e+07
3.857858	2.647637	1.706475e+07
3.911172	2.960585	1.959661e+07
3.895996	3.273016	2.106718e+07
3.910107	3.592559	3.047066e+07
3.898061	3.883934	2.495333e+07
3.916481	4.173755	2.374030e+07
3.905963	4.473661	2.635602e+07
3.903287	4.785534	2.265599e+07
3.876342	5.084494	2.405456e+07
3.904386	5.386012	2.129788e+07
3.898234	5.696220	1.491313e+07
3.907360	6.013187	2.895430e+07
3.887042	6.310082	2.625826e+07
3.898442	6.606728	2.471238e+07
3.900546	6.907272	3.036662e+07
3.882290	7.201385	2.115665e+07
3.907955	7.503492	2.125672e+07
3.924153	7.814440	1.673952e+07
3.887536	8.128345	1.442972e+07
3.923928	8.437666	9.907291e+06
3.871127	8.779276	7.099973e+06
3.955454	9.127298	4.023412e+06
4.040174	9.903273	4.148274e+04
4.140256	34.850903	7.354242e+05
4.231221	0.265375	1.250504e+07
4.194272	0.577973	1.337745e+07
4.193969	0.891038	1.604072e+07
4.193187	1.201657	2.557325e+07
4.210552	1.497006	2.065894e+07
4.213986	1.796926	2.605004e+07
4.188310	2.086341	2.209394e+07
4.188010	2.398901	2.387949e+07
4.168247	2.697559	1.955501e+07
4.217368	3.002603	2.492266e+07
4.199086	3.308218	2.483427e+07
4.202005	3.611885	2.852387e+07
4.195962	3.910516	2.781963e+07
4.216023	4.209968	2.629421e+07
4.195191	4.520685	2.839074e+07
4.208501	4.805754	3.029357e+07
4.187306	5.098525	2.210558e+07
4.212167	5.410183	2.273963e+07
4.216953	5.701498	2.777625e+07
4.200000	6.000000	3.056313e+07
4.187885	6.309924	2.436447e+07
4.207675	6.606327	2.444406e+07
4.198870	6.910280	2.772901e+07
4.182358	7.211452	2.621069e+07
4.214114	7.513703	2.409353e+07
4.240569	7.814823	1.669579e+07
4.197411	8.148787	1.063163e+07
4.237364	8.501145	1.102822e+07
4.203920	8.835867	5.910345e+06
4.308027	9.165681	4.335519e+06
4.064725	9.489277	4.102891e+05
4.468123	34.439977	3.065322e+04
4.461203	0.055891	2.340856e+06
4.512370	0.449780	9.560825e+06
4.499642	0.770321	9.890504e+06
4.491226	1.100433	1.277973e+07
4.516878	1.422798	1.528782e+07
4.519126	1.734581	1.630270e+07
4.489695	2.060676	1.664839e+07
4.493316	2.375224	2.027259e+07
4.484788	2.693809	1.972630e+07
4.513868	2.990620	2.744282e+07
4.501162	3.289895	2.817867e+07
4.490551	3.586709	2.946874e+07
4.494251	3.891453	2.812906e+07
4.501924	4.198885	2.888638e+07
4.505618	4.493358	2.617191e+07
4.506683	4.778097	2.775947e+07
4.491151	5.078832	2.496712e+07
4.510550	5.385673	2.651404e+07
4.519673	5.696198	2.168162e+07
4.498327	6.015230	2.471593e+07
4.498424	6.331522	1.854856e+07
4.511575	6.644410	2.402556e+07
4.491821	6.942557	2.344161e+07
4.486762	7.251509	1.383793e+07
4.507785	7.608985	1.761236e+07
4.528560	7.937061	1.538518e+07
4.504928	8.249100	1.044780e+07
4.544222	8.570210	9.883504e+06
4.531819	8.920371	7.205017e+06
4.495220	9.463242	6.114033e+05
4.534444	9.855287	1.388618e+05
4.827778	34.676749	2.899383e+05
4.763490	0.218798	4.487033e+06
4.810105	0.547276	1.184153e+07
4.813264	0.882367	9.887386e+06
4.786302	1.206697	1.914321e+07
4.812333	1.495684	2.850206e+07
4.821334	1.798931	2.657056e+07
4.796791	2.094894	2.899550e+07
4.798543	2.389023	2.777287e+07
4.791529	2.679083	2.589970e+07
4.806296	2.989668	2.745094e+07
4.802117	3.281322	2.943388e+07
4.800358	3.589968	2.143688e+07
4.792851	3.898583	2.575715e+07
4.800000	4.200000	3.056313e+07
4.823888	4.495666	2.603201e+07
4.814582	4.792139	2.417606e+07
4.792270	5.092923	2.484190e+07
4.809647	5.389793	3.050668e+07
4.820411	5.699697	2.971320e+07
4.791468	6.003200	2.672891e+07
4.809655	6.307062	2.548656e+07
4.806517	6.596605	2.941054e+07
4.793621	6.897858	2.606384e+07
4.789325	7.203040	1.736781e+07
4.791755	7.498831	2.329607e+07
4.806934	7.799969	2.339492e+07
4.815663	8.113768	1.660216e+07
4.810637	8.426524	1.894004e+07
4.849849	8.776674	5.204482e+06
4.771553	9.172054	2.012976e+06
4.961380	9.938629	1.898349e+04
5.118021	34.347149	9.848125e+03
5.034544	34.983958	2.088269e+06
5.093116	0.323563	6.461822e+06
5.100352	0.685913	9.478433e+06
5.087701	1.075448	9.949330e+06
5.097915	1.379205	1.477442e+07
5.098549	1.691125	1.614351e+07
5.096295	2.012447	1.753466e+07
5.098522	2.316063	1.998432e+07
5.086952	2.642165	1.876735e+07
5.113500	2.959748	1.599451e+07
5.098432	3.282141	2.350484e+07
5.109886	3.593251	2.268576e+07
5.084938	3.892768	2.667566e+07
5.098215	4.195602	2.679736e+07
5.136728	4.496432	2.471109e+07
5.115408	4.790139	2.943857e+07
5.097293	5.109549	1.986745e+07
5.099583	5.424425	2.748405e+07
5.107972	5.718537	2.348405e+07
5.079331	6.017756	2.529380e+07
5.113452	6.320831	2.311812e+07
5.099840	6.642683	2.609310e+07
5.090230	6.951869	2.239550e+07
5.100206	7.261421	1.568771e+07
5.098981	7.575252	1.640670e+07
5.101603	7.893054	1.975596e+07
5.119517	8.200507	1.315636e+07
5.104068	8.512590	7.876063e+06
5.104966	9.002841	3.103270e+06
4.944862	9.491339	3.132904e+05
5.211801	10.694626	-7.932976e+00
5.361807	34.746216	3.819466e+05
5.411545	0.103510	2.630000e+06
5.389974	0.482222	5.005031e+06
5.375696	0.854501	9.426586e+06
5.386814	1.203446	1.425897e+07
5.383001	1.507705	2.305603e+07
5.400483	1.809842	2.290146e+07
5.396965	2.107442	2.666252e+07
5.396629	2.400907	2.784795e+07
5.390375	2.695355	2.933250e+07
5.428184	2.993346	2.776723e+07
5.397136	3.288321	2.664080e+07
5.408380	3.600205	2.631427e+07
5.397656	3.900573	2.445453e+07
5.391216	4.200382	2.690568e+07
5.442927	4.503353	2.339034e+07
5.400000	4.800000	3.056313e+07
5.401009	5.104898	2.601457e+07
5.399826	5.409323	2.411382e+07
5.411225	5.711577	2.259377e+07
5.400535	6.014576	2.417913e+07
5.409622	6.306342	2.384955e+07
5.394637	6.606719	2.839956e+07
5.391894	6.903061	2.879675e+07
5.406984	7.187109	2.887843e+07
5.409941	7.485346	2.220075e+07
5.391131	7.783468	2.428066e+07
5.421440	8.089446	1.652984e+07
5.405259	8.401530	1.074413e+07
5.364702	8.763488	4.250171e+06
5.426131	9.150166	1.272652e+06
5.362109	9.557910	4.682015e+04
5.678307	34.471098	4.289839e+04
6.014298	34.719400	3.170258e+05
5.704499	0.290655	4.153507e+06
5.671373	0.671257	7.652710e+06
5.662395	1.015830	9.555478e+06
5.663558	1.368661	1.486486e+07
5.696530	1.690343	1.473861e+07
5.702561	2.022525	1.532775e+07
5.706587	2.338251	1.604947e+07
5.681678	2.662286	2.023553e+07
5.722676	2.955322	2.174319e+07
5.684720	3.276414	2.471187e+07
5.706972	3.604256	2.603615e+07
5.710794	3.897393	2.527101e+07
5.697478	4.197718	2.983093e+07
5.744541	4.488217	2.739369e+07
5.701066	4.789836	2.666394e+07
5.703995	5.092112	2.468643e+07
5.703275	5.393099	2.397398e+07
5.721142	5.687436	2.522785e+07
5.705903	5.987816	2.760440e+07
5.725695	6.290937	2.201864e+07
5.701934	6.594326	2.236673e+07
5.699823	6.901458	1.828033e+07
5.715006	7.236314	1.499724e+07
5.720433	7.556699	1.146103e+07
5.690897	7.874852	1.457557e+07
5.721605	8.200014	8.949179e+06
5.698563	8.545491	7.458301e+06
5.697232	8.879576	4.120500e+06
5.710875	9.424370	1.301657e+06
5.758387	9.859510	1.219848e+04
6.402562	34.450710	1.386499e+04
6.041904	0.211728	3.492295e+06
5.979803	0.548671	7.719272e+06
5.981062	0.868541	1.115536e+07
5.951090	1.188095	1.405958e+07
5.952170	1.491131	2.050933e+07
5.996829	1.798895	1.854458e+07
5.997495	2.105059	2.428907e+07
6.013710	2.410766	2.143985e+07
5.977415	2.699141	2.942506e+07
6.024620	3.001899	2.615316e+07
5.980181	3.291090	2.698985e+07
6.001484	3.589779	2.890304e+07
6.018458	3.885671	1.925899e+07
5.996817	4.191893	2.598630e+07
6.047423	4.496394	2.363066e+07
6.006094	4.796624	2.543212e+07
6.013996	5.102132	2.455336e+07
6.008090	5.402960	2.636872e+07
6.031037	5.704819	2.308869e+07
6.000000	6.000000	3.056313e+07
6.037721	6.298187	2.841386e+07
6.007038	6.592480	2.353513e+07
5.998212	6.893451	2.232242e+07
6.024229	7.179385	2.602118e+07
6.031760	7.479193	1.760497e+07
5.996179	7.779513	1.762428e+07
6.025021	8.100982	1.291454e+07
6.017575	8.435770	8.881490e+06
6.016555	8.768459	6.418066e+06
5.953949	9.135837	1.623251e+06
6.066400	9.602401	5.855223e+05
2.291488	33.540748	-7.623900e+00
6.324060	0.006548	1.034914e+06
6.312483	0.412700	5.243078e+06
6.291980	0.774484	4.862001e+06
6.275359	1.099319	8.254312e+06
6.266606	1.435956	1.036055e+07
6.310122	1.760524	1.477409e+07
6.296707	2.081181	2.170081e+07
6.322740	2.401243	2.371419e+07
6.272137	2.699954	2.277695e+07
6.326896	3.010464	1.665181e+07
6.295882	3.320191	2.312648e+07
6.297774	3.615870	2.574460e+07
6.338177	3.914386	2.395142e+07
6.300000	4.200000	3.056313e+07
6.346673	4.487190	2.248501e+07
6.299631	4.777610	2.984333e+07
6.317107	5.078218	2.180653e+07
6.307869	5.389442	2.377803e+07
6.349663	5.702369	1.688952e+07
6.294119	6.013911	2.184826e+07
6.331643	6.348533	2.084920e+07
6.306139	6.651813	2.059049e+07
6.292048	6.954313	1.967716e+07
6.330083	7.272611	1.700046e+07
6.346959	7.584269	1.409487e+07
6.287272	7.902335	1.015610e+07
6.312578	8.265851	7.963790e+06
6.342613	8.599706	6.807518e+06
6.301320	8.953732	3.129165e+06
6.291093	9.310243	1.860710e+06
6.286046	10.047872	9.288644e+03
6.608795	33.944212	1.095003e+03
6.630629	0.138166	4.481845e+06
6.641921	0.468671	9.280256e+06
6.635678	0.787370	1.041235e+07
6.604570	1.102778	8.647018e+06
6.591212	1.438829	1.012878e+07
6.619745	1.747041	1.416798e+07
6.597161	2.058216	2.047696e+07
6.614895	2.358297	1.880738e+07
6.569789	2.697095	1.934378e+07
6.638839	2.996845	2.331218e+07
6.598100	3.291982	2.461515e+07
6.597475	3.602021	2.046017e+07
6.662548	3.906335	1.474104e+07
6.594675	4.211805	2.474249e+07
6.662733	4.513604	2.027657e+07
6.589584	4.807130	2.723070e+07
6.635010	5.101587	2.431804e+07
6.607964	5.390170	2.540084e+07
6.662589	5.701967	1.870599e+07
6.591136	6.003647	2.293060e+07
6.627095	6.297302	2.587837e+07
6.613664	6.579251	3.038117e+07
6.577762	6.871445	2.463347e+07
6.628374	7.175670	1.990677e+07
6.666439	7.490292	1.343549e+07
6.593425	7.803003	1.560209e+07
6.608626	8.123162	1.103858e+07
6.634342	8.447383	9.512073e+06
6.621403	8.798555	4.713348e+06
6.656743	9.271914	1.583963e+06
6.537006	9.698726	2.914643e+05
7.036610	34.515172	1.065949e+05
6.919947	34.884569	9.447107e+05
6.948501	0.297052	4.530514e+06
6.948628	0.652231	5.945928e+06
6.910150	0.999793	7.009100e+06
6.917327	1.372846	6.935367e+06
6.946024	1.697352	9.931445e+06
6.904133	2.013844	1.567185e+07
6.928316	2.352192	1.571735e+07
6.877877	2.661393	1.593233e+07
6.939506	2.975819	1.303040e+07
6.892461	3.309496	1.717749e+07
6.909237	3.618625	1.434621e+07
6.994711	3.924898	1.554537e+07
6.888058	4.218800	2.834064e+07
6.967480	4.517352	1.878076e+07
6.905570	4.804287	2.688412e+07
6.952819	5.111370	2.139164e+07
6.900079	5.408665	2.696267e+07
6.967906	5.730593	1.289031e+07
6.900019	6.046886	1.790080e+07
6.937921	6.348772	1.954457e+07
6.933528	6.650976	1.149918e+07
6.869812	6.954636	2.040250e+07
6.929644	7.248738	1.590786e+07
6.979186	7.578644	6.826393e+06
6.890507	7.919704	1.013618e+07
6.932415	8.271131	6.052095e+06
6.904456	8.636897	6.988456e+06
6.902065	9.025791	3.320075e+06
6.932073	9.532779	4.424034e+05
7.545516	10.853760	-7.034534e+00
7.378732	34.813305	4.323805e+05
7.253909	0.143623	2.649793e+06
7.249232	0.505578	4.811278e+06
7.251020	0.847732	5.276799e+06
7.196222	1.191383	8.317487e+06
7.354512	1.472872	6.647231e+06
7.259837	1.782182	1.055843e+07
7.202721	2.101788	1.655449e+07
7.222012	2.421696	2.369031e+07
7.176718	2.727761	2.416623e+07
7.270847	3.013037	1.983627e+07
7.189486	3.306980	2.117276e+07
7.243559	3.617657	1.263524e+07
7.314637	3.926629	1.985607e+07
7.186200	4.190246	2.676909e+07
7.296041	4.479858	1.281764e+07
7.189690	4.793255	2.885979e+07
7.253291	5.093466	1.511440e+07
7.190701	5.405115	2.702313e+07
7.284737	5.706903	1.469691e+07
7.201035	6.015854	2.142994e+07
7.237144	6.326648	2.131568e+07
7.272922	6.630001	1.314060e+07
7.168784	6.930703	1.914162e+07
7.237088	7.235263	1.587080e+07
7.332194	7.551082	8.830811e+06
7.200228	7.854957	1.434843e+07
7.257817	8.164589	7.408961e+06
7.219797	8.497533	6.297428e+06
7.211045	8.849122	3.846505e+06
7.183101	9.258760	1.671649e+06
7.236561	9.796894	1.573731e+05
7.299568	33.919174	4.740638e+00
7.705809	0.020975	1.405790e+06
7.567658	0.352928	2.173806e+06
7.625534	0.714604	2.209138e+06
7.525335	1.078137	4.733506e+06
7.696683	1.389055	4.046645e+06
7.593645	1.735277	7.412273e+06
7.509361	2.092478	1.097996e+07
7.521292	2.407803	7.431798e+06
7.483495	2.727876	1.792427e+07
7.575645	3.019024	1.390755e+07
7.492631	3.321538	2.058333e+07
7.566944	3.623061	1.603967e+07
7.631142	3.925458	1.903305e+07
7.490399	4.214235	2.261197e+07
7.624309	4.509182	1.427705e+07
7.485758	4.776076	2.450955e+07
7.589625	5.091444	1.123226e+07
7.489453	5.404903	2.412794e+07
7.612645	5.683572	1.799771e+07
7.498877	5.971776	2.302823e+07
7.541612	6.277100	1.903174e+07
7.601469	6.588304	1.142383e+07
7.488627	6.892089	1.422010e+07
7.552012	7.200383	1.276998e+07
7.661509	7.507044	7.840158e+06
7.513636	7.867666	8.153745e+06
7.595349	8.193527	4.153596e+06
7.567540	8.524856	6.269503e+06
7.557107	8.857496	6.489130e+06
7.548809	9.207690	2.956476e+06
7.529510	9.561108	7.005332e+05
7.676479	34.296676	1.975445e+04
7.866190	34.682787	2.292636e+05
7.987491	0.271714	9.030584e+05
8.008636	0.668393	1.366822e+06
7.873176	1.016658	2.863962e+06
8.050516	1.345384	3.789779e+06
7.922069	1.681155	6.259324e+06
7.818168	2.010789	9.089452e+06
7.912209	2.340944	5.161807e+06
7.792398	2.661687	1.092461e+07
7.909344	2.971813	9.733681e+06
7.793706	3.290221	1.559354e+07
7.896139	3.595356	1.005892e+07
7.933267	3.924245	1.037626e+07
7.796509	4.229133	1.109518e+07
7.952131	4.524997	1.088332e+07
7.788039	4.812760	1.441606e+07
7.925436	5.106070	1.157705e+07
7.783513	5.385056	1.807889e+07
7.927369	5.689680	1.161679e+07
7.804812	5.979092	1.805370e+07
7.855775	6.286413	1.832786e+07
7.928225	6.589530	1.045510e+07
7.814827	6.890333	1.164899e+07
7.878280	7.204529	1.174035e+07
7.996019	7.501872	9.734262e+06
7.833733	7.808511	9.473762e+06
7.948095	8.129509	5.010855e+06
7.909289	8.459898	2.382580e+06
7.886392	8.832722	2.609147e+06
7.906588	9.306631	6.865294e+05
7.942930	9.745729	3.573003e+04
8.225620	33.262788	-1.370705e+00
8.352908	34.623824	5.349370e+04
8.337212	0.049567	3.511527e+05
8.366387	0.493863	4.511217e+05
8.234637	1.011017	2.112055e+06
8.398180	1.352739	3.013414e+06
8.257116	1.677282	4.427153e+06
8.153409	2.010362	6.318812e+06
8.269016	2.339445	4.565649e+06
8.103510	2.631587	8.651511e+06
8.236007	2.942014	7.808623e+06
8.109584	3.267079	1.069215e+07
8.219619	3.596811	7.494469e+06
8.244555	3.939585	1.141231e+07
8.133781	4.242713	9.821385e+06
8.293433	4.531004	7.267735e+06
8.114948	4.818615	1.001493e+07
8.275425	5.109492	7.270682e+06
8.107262	5.414549	9.457847e+06
8.296478	5.685982	8.076045e+06
8.135893	5.970640	1.078151e+07
8.171711	6.291785	1.250494e+07
8.275638	6.591194	7.930985e+06
8.159992	6.900323	7.011596e+06
8.201332	7.223769	1.000564e+07
8.308194	7.529140	7.698752e+06
8.163862	7.827284	7.233581e+06
8.326547	8.123155	1.836590e+06
8.285901	8.488186	1.535354e+06
8.233824	8.877939	1.292364e+06
8.302050	9.258368	3.488418e+05
8.470941	10.191795	2.013895e+03
8.402172	33.999765	2.788363e+02
8.839357	34.641518	1.328843e+04
8.779669	0.098713	1.318965e+05
8.761182	0.623383	4.511433e+05
8.585776	0.976251	1.918920e+06
8.750805	1.339330	2.399733e+06
8.615229	1.682154	3.011240e+06
8.497145	2.016770	3.958112e+06
8.656828	2.325344	4.752381e+06
8.458620	2.625673	4.867382e+06
8.575824	2.957905	7.183354e+06
8.430874	3.252173	8.810048e+06
8.547892	3.565150	5.116780e+06
8.557554	3.890835	7.879810e+06
8.470763	4.221190	7.315535e+06
8.652155	4.545845	5.908536e+06
8.478770	4.823905	7.107405e+06
8.636856	5.113300	4.225122e+06
8.465773	5.400354	7.821453e+06
8.676782	5.659178	6.509817e+06
8.481472	5.972583	6.826982e+06
8.500520	6.308219	8.340774e+06
8.621503	6.599217	3.275886e+06
8.654802	6.954050	2.731448e+06
8.532825	7.283258	3.661594e+06
8.764095	7.554110	1.232109e+06
8.523208	7.804955	2.894062e+06
8.709996	8.124642	1.365939e+06
8.671129	8.549855	3.966689e+05
8.623813	8.973594	3.051026e+05
8.895806	9.326507	3.932314e+04
8.497636	9.687791	2.990031e+04
9.159315	34.144152	3.642101e+02
9.805795	34.626982	3.172623e+01
9.303922	34.929657	8.047462e+03
9.117002	0.409757	1.297021e+05
8.959289	1.011467	7.969696e+05
9.113099	1.390906	7.677432e+05
8.971886	1.721664	2.549285e+06
8.908868	2.072807	1.684157e+06
9.122926	2.384777	1.116920e+06
8.841045	2.619794	4.205794e+06
8.904605	2.959858	4.235032e+06
8.809330	3.291256	3.393900e+06
8.981360	3.602202	4.313365e+06
8.888586	3.923589	4.740065e+06
8.800413	4.246318	6.726149e+06
9.030665	4.556845	1.191395e+06
8.935013	4.903413	2.309850e+06
9.190859	5.170135	1.491564e+05
8.883191	5.386343	1.711854e+06
9.074978	5.727751	8.029573e+05
8.826394	5.957286	3.630123e+06
8.870485	6.316151	1.720859e+06
9.222874	6.475989	1.660510e+05
9.003778	6.815560	5.953480e+05
9.001598	7.210258	6.145656e+05
9.345369	7.447931	2.951597e+04
9.008023	7.857207	3.108067e+05
9.427699	8.024092	3.495712e+03
9.052642	8.330207	8.351841e+04
9.046533	8.840929	6.893456e+04
9.397967	9.216704	5.254394e+03
9.755727	10.164019	-3.953749e+00
9.674918	33.587772	-6.814504e-01
10.651659	0.846727	-6.095350e+00
9.596372	0.436974	5.460101e+03
9.308791	0.814048	1.772213e+05
9.505807	1.214455	9.808636e+04
9.845980	1.580125	2.262280e+03
9.371477	1.694261	1.651647e+05
9.420344	2.123634	2.255474e+05
9.680930	2.472400	1.090468e+04
9.187868	2.761576	5.232836e+05
9.795172	2.994407	9.957814e+03
9.383670	3.144903	3.101545e+05
9.321835	3.564579	3.420709e+05
9.398727	3.972247	3.341527e+05
9.138855	4.197036	2.645264e+06
9.819929	4.391825	5.920450e+03
9.478267	4.717095	1.030849e+05
9.643435	5.162817	2.612825e+04
9.438838	5.607219	3.440695e+04
9.609515	6.257645	6.674769e+02
